31
274 5 335 45
271 52 449 142
292 117 364 202
248 126 328 215
226 200 312 266
139 225 223 321
130 313 203 427
104 364 164 486
199 311 261 377
254 329 332 415
184 399 290 479
297 277 390 357
312 151 434 212
318 213 425 289
476 322 579 427
577 254 700 382
75 500 155 609
46 603 104 771
90 668 175 766
450 744 543 876
722 460 872 690
946 706 1082 809
1193 718 1277 866
1082 802 1257 934
1095 902 1290 1039
1281 421 1393 629
1210 267 1332 376
1441 229 1566 379
1578 0 1739 103
1342 55 1453 186
1231 0 1373 62
