33
864 768 1058 861
1488 835 1581 1030
1110 389 1286 523
1020 69 1107 223
683 49 819 148
359 406 438 566
132 510 222 642
43 767 114 911
353 337 425 424
453 146 588 270
505 82 585 184
559 40 690 135
542 5 604 78
470 45 561 126
424 21 491 161
382 68 440 142
327 122 443 273
247 126 316 235
313 82 388 196
204 126 260 220
216 52 279 155
276 15 334 113
299 8 374 122
234 338 286 434
171 353 248 437
130 344 219 434
300 281 360 382
254 315 322 401
207 257 311 343
688 876 834 965
15 1000 124 1059
1462 8 1534 101
944 10 1059 95
