37
947 595 1117 774
1002 347 1107 459
1450 488 1533 613
1543 354 1629 558
1619 633 1726 786
1295 864 1463 1056
1101 904 1270 1043
558 629 709 757
495 638 574 805
305 536 459 641
296 453 417 565
316 379 415 507
876 177 999 281
850 125 986 213
921 39 1050 161
1049 17 1116 120
665 66 729 207
526 125 633 270
350 148 425 251
363 103 453 183
280 95 359 188
220 69 273 162
229 130 359 216
162 164 238 270
111 212 206 292
194 271 287 329
129 280 210 367
129 335 251 472
139 454 247 585
104 441 174 575
39 550 149 704
24 744 124 838
469 844 566 1032
597 869 677 1033
715 904 813 1065
356 930 478 1017
325 995 422 1059
