37
906 428 1023 552
729 430 847 572
588 420 709 568
718 111 834 236
716 79 876 186
1034 55 1162 159
1002 26 1094 120
533 181 664 300
485 305 540 443
386 434 505 546
354 479 441 626
126 396 183 484
95 472 241 585
50 652 143 764
276 667 385 793
199 854 284 1001
43 764 122 898
353 918 457 1002
568 864 678 1058
486 853 577 1026
431 834 518 1005
280 989 401 1061
691 574 827 697
366 276 433 402
383 181 476 268
356 130 409 238
277 123 374 207
220 120 261 212
164 161 244 258
126 229 215 306
206 242 268 312
161 340 279 433
254 297 332 388
303 248 389 313
1322 739 1514 864
1042 764 1156 896
1124 893 1264 1050
