31
853 562 1026 707
770 494 860 643
481 607 639 722
699 686 792 824
1181 877 1260 1026
1069 982 1184 1056
938 883 1094 1061
175 677 276 835
345 348 452 450
693 135 776 270
784 65 908 151
874 29 1017 122
133 500 200 655
61 574 146 678
104 829 264 927
21 829 111 952
236 59 321 180
293 91 356 238
244 116 303 244
327 142 427 251
324 203 427 258
328 241 436 327
290 283 369 386
319 268 388 364
186 337 289 460
110 391 184 505
130 300 181 404
148 331 234 409
223 263 296 328
175 225 251 313
831 181 969 313
