32
280 56 405 146
292 103 344 191
239 130 338 236
218 202 293 258
126 219 255 300
93 344 151 492
140 319 204 440
164 318 222 420
180 409 286 489
187 324 268 379
252 295 327 417
296 283 390 396
337 231 443 295
277 4 357 56
318 178 449 242
71 501 130 601
39 632 87 722
69 678 175 767
443 766 546 853
444 331 542 399
549 242 706 353
719 489 860 667
938 715 1063 818
1087 789 1251 927
1197 706 1280 853
1122 896 1287 1040
1321 422 1420 632
1206 236 1315 393
1443 207 1588 341
1315 61 1434 164
1228 0 1367 74
1566 11 1699 84
