31
418 719 577 831
140 526 220 641
98 484 170 595
183 375 297 488
191 308 279 422
360 143 441 268
199 120 268 242
135 226 216 356
109 329 229 421
133 396 197 488
47 715 133 821
129 702 293 843
29 766 116 882
103 885 199 994
265 818 393 1000
232 995 334 1064
1142 715 1263 845
1058 843 1247 953
1233 934 1309 1058
1204 657 1328 799
1366 719 1469 843
1681 768 1767 924
1627 478 1704 619
1578 379 1670 526
1251 27 1377 129
1431 29 1529 116
1595 20 1706 81
1629 55 1752 148
1174 0 1248 88
901 0 1011 97
1308 927 1425 1064
