33
325 8 446 84
271 100 328 158
289 117 393 204
223 116 290 190
171 152 273 231
120 268 219 357
165 303 258 373
103 360 193 425
183 373 289 452
263 376 374 492
100 430 190 514
156 441 270 511
135 501 199 597
69 475 159 585
194 502 322 607
254 552 393 641
428 527 501 680
344 652 440 777
210 654 318 739
39 774 140 882
30 867 135 962
107 827 210 923
321 803 497 1002
277 803 386 947
213 879 363 1033
729 995 904 1066
1108 585 1251 767
1249 561 1347 758
1412 588 1536 741
949 59 1081 183
1124 181 1277 306
1437 72 1510 152
1627 946 1783 1048
