32
252 20 382 136
359 103 488 191
180 140 247 245
218 165 329 234
124 373 187 463
55 513 161 563
65 559 164 652
40 635 101 719
117 643 225 735
162 559 300 658
247 427 325 561
319 375 417 516
431 263 540 385
511 311 610 411
597 441 755 616
898 424 1021 555
36 774 148 853
373 625 530 751
434 715 566 869
327 774 446 950
219 883 359 960
103 864 212 1001
152 959 247 1058
257 950 399 1039
389 949 498 1050
462 909 597 1050
882 766 1145 873
1184 940 1341 1026
869 18 972 87
1200 37 1265 94
1485 655 1550 829
1620 585 1784 716
