30
901 91 1058 232
1188 225 1303 334
1308 207 1478 312
1306 156 1440 229
1436 85 1552 250
321 428 444 516
114 465 197 559
46 425 151 578
82 673 183 800
209 659 318 766
1039 872 1242 1004
202 832 306 937
337 940 437 1064
39 893 156 1026
8 888 69 1029
116 1010 263 1062
1392 848 1489 1011
1367 732 1479 904
1469 768 1574 909
1610 979 1725 1065
1277 978 1417 1066
1547 149 1613 297
318 164 434 241
313 245 434 319
280 296 421 420
155 375 251 488
190 315 290 382
232 204 324 264
123 238 194 332
117 329 207 404
