32
409 328 536 454
1018 223 1100 398
1383 465 1511 582
1486 584 1607 696
1523 751 1629 1030
94 755 175 876
18 859 100 1017
120 934 212 1061
199 952 286 1064
280 424 351 540
154 456 270 545
93 434 216 513
297 302 396 411
337 180 449 306
513 56 571 174
440 72 518 216
318 37 385 145
245 117 313 235
247 84 308 191
184 199 220 283
145 222 207 311
104 280 222 367
111 311 194 420
140 351 228 431
255 335 315 427
218 343 281 438
325 143 420 236
983 66 1119 155
1530 130 1594 251
1197 7 1261 220
1113 21 1172 133
739 2 847 62
