31
787 670 970 798
952 562 1100 691
1069 475 1233 673
1611 704 1700 838
1502 610 1608 811
1537 536 1630 694
1614 571 1704 720
941 966 1156 1059
132 716 267 859
14 930 82 1048
430 327 501 437
507 188 587 276
531 123 649 222
444 90 549 164
460 109 574 199
1220 85 1286 232
1366 123 1463 207
1446 62 1539 174
353 26 443 142
270 5 341 110
260 77 338 170
322 148 425 255
218 125 351 238
302 299 377 388
319 247 415 313
210 270 319 337
104 300 168 497
258 316 338 420
226 331 284 434
181 337 234 444
143 312 204 449
