31
261 40 357 120
351 82 465 187
159 156 257 289
209 125 293 204
119 377 186 508
190 375 280 532
261 406 341 558
322 408 402 539
438 273 504 434
492 273 600 421
845 18 1008 109
571 446 763 593
802 441 966 569
61 505 136 569
53 552 159 632
142 559 271 645
39 633 120 766
119 651 223 738
42 745 129 859
78 825 171 984
226 870 347 968
324 767 430 927
399 594 494 755
473 718 630 896
228 939 351 1024
392 941 501 1052
456 939 601 1033
915 729 1095 870
1167 946 1345 1029
1444 673 1542 861
1619 575 1726 739
