30
600 75 725 180
1065 191 1212 286
1299 77 1431 165
1299 149 1459 241
1215 135 1347 235
1597 375 1687 598
1668 704 1768 891
1161 577 1254 731
1014 859 1248 985
402 896 508 1049
331 561 527 674
283 420 406 572
21 627 136 755
79 472 229 562
452 251 575 375
372 312 520 443
171 106 268 232
295 280 386 388
376 98 460 184
312 138 422 213
341 190 447 271
280 123 343 226
196 313 315 372
59 392 177 478
151 386 239 485
1216 962 1332 1059
1238 626 1354 776
1601 966 1732 1058
238 952 359 1053
30 968 113 1066
