33
260 42 386 116
347 82 488 209
159 129 241 226
229 123 295 220
119 340 193 428
55 507 148 581
158 372 274 446
210 399 306 479
312 321 436 484
463 257 611 328
499 297 606 420
236 459 329 585
149 489 229 565
61 559 172 664
148 578 324 670
45 646 139 770
98 646 231 722
23 750 162 879
130 864 228 1013
216 885 328 925
251 943 364 1037
348 763 430 899
430 594 568 694
440 681 574 803
328 949 475 1056
454 931 581 1040
636 393 812 520
877 360 1053 521
992 719 1196 873
1143 925 1311 1045
1454 588 1581 768
1649 558 1748 709
860 13 995 109
