32
260 49 361 113
359 98 452 184
178 152 232 231
219 146 295 212
120 356 178 443
71 498 127 588
184 364 258 459
252 399 312 571
318 369 401 501
450 255 547 395
514 296 622 443
853 4 989 107
155 568 299 677
40 635 124 747
114 664 251 731
34 766 161 856
116 843 190 1016
167 943 244 1056
223 870 424 976
267 934 399 1048
388 954 476 1052
449 930 588 1056
350 768 450 936
399 639 545 745
443 702 555 861
630 454 789 590
880 424 1015 534
867 747 1155 891
1149 943 1325 1036
1470 623 1556 821
1640 556 1757 704
1191 10 1280 88
