32
742 646 815 813
802 707 953 828
1001 779 1098 966
1488 921 1619 1043
1547 305 1627 475
882 79 983 222
517 266 595 404
324 529 466 619
268 454 418 579
313 351 430 511
247 404 363 498
103 776 172 908
21 921 103 1042
229 338 284 438
170 356 249 447
133 327 226 434
257 309 324 396
293 293 370 370
197 258 306 335
511 114 611 273
518 81 677 159
670 7 733 95
600 33 680 98
491 39 571 106
411 2 547 87
409 62 520 168
324 130 425 297
242 135 322 245
290 110 398 186
231 69 286 139
280 61 348 133
284 4 357 75
