33
499 267 593 347
822 361 985 473
517 126 643 232
345 68 453 170
299 31 364 165
220 145 267 244
311 228 418 286
311 270 411 327
293 283 395 348
251 302 338 376
242 364 316 449
187 372 268 457
127 332 196 457
154 232 210 351
191 274 292 337
236 582 348 655
130 664 216 831
56 720 190 793
46 864 135 949
13 861 97 1032
545 992 723 1064
559 639 678 856
962 686 1123 834
747 764 889 911
965 856 1043 1026
818 835 944 918
1459 732 1661 864
853 924 978 1046
1434 17 1486 127
954 53 1037 142
792 116 888 222
671 21 729 183
739 29 858 117
