34
508 667 591 819
1459 489 1559 678
1479 277 1550 396
1475 140 1545 260
1377 158 1437 251
1308 58 1438 170
667 218 786 306
591 312 691 443
341 529 539 626
140 559 249 655
139 441 219 575
268 399 456 484
465 215 585 305
559 30 630 123
662 101 811 218
787 8 853 133
324 7 405 120
296 2 345 88
398 155 475 229
315 114 420 270
305 109 399 220
242 130 337 236
261 97 311 175
183 133 239 270
207 263 306 345
286 290 354 382
325 257 405 351
369 228 457 325
231 331 300 431
172 360 261 460
114 340 175 466
155 324 219 434
14 939 116 1010
1159 976 1367 1061
