38
431 431 518 561
981 436 1095 597
1174 534 1263 748
1369 841 1582 915
1547 395 1687 536
1329 406 1459 508
1422 450 1511 616
946 257 1047 424
1156 174 1273 313
1097 74 1220 186
1106 53 1201 135
1351 49 1421 161
1284 84 1353 181
1428 2 1495 82
1492 200 1539 315
1552 248 1640 456
1414 164 1504 363
665 231 763 335
552 266 661 373
912 142 1055 247
902 116 1001 207
818 63 934 151
761 5 850 127
643 31 758 148
53 760 130 866
45 909 119 976
234 341 305 421
281 255 372 340
277 136 332 250
223 132 287 250
155 199 223 315
202 264 302 334
749 815 925 896
867 876 1045 1020
588 601 697 773
658 649 781 800
688 707 866 829
457 748 667 907
