36
212 735 308 876
558 607 691 764
441 500 579 593
667 488 825 601
863 511 1029 614
768 341 898 466
744 251 898 357
712 228 803 359
555 271 671 376
550 203 638 327
422 145 534 261
372 181 440 289
236 343 318 427
273 254 367 351
207 271 283 343
215 130 273 232
171 159 226 303
1040 97 1171 222
1258 324 1313 450
1023 223 1188 343
1576 332 1642 489
1143 527 1264 704
1168 476 1255 571
1406 654 1571 857
1184 819 1348 954
1242 642 1396 783
1052 731 1158 883
735 657 857 831
661 658 771 795
834 805 1050 988
453 751 640 896
646 844 809 947
1216 995 1398 1061
18 917 88 1039
1354 344 1482 479
1316 23 1380 164
