30
1264 643 1401 777
1260 734 1396 863
1488 610 1623 812
1546 962 1683 1049
1453 782 1530 968
1354 840 1460 984
1245 854 1361 1017
1036 867 1254 1005
1066 774 1281 877
595 450 699 603
718 359 879 486
1129 223 1220 388
103 401 180 527
52 783 143 911
49 896 119 978
87 947 203 1016
5 925 82 1053
168 199 235 287
228 120 281 235
263 116 329 260
200 251 306 341
295 258 377 351
454 171 523 266
529 151 610 228
546 27 613 159
491 101 574 167
327 116 405 236
329 149 437 247
332 191 460 266
357 197 427 315
