33
265 50 366 117
347 94 449 177
184 146 244 248
219 135 283 229
245 161 328 222
123 351 202 472
184 373 271 466
319 332 388 489
443 266 614 351
507 311 635 478
245 431 322 577
68 517 127 584
58 569 168 641
143 513 236 588
148 563 295 668
36 638 117 739
100 651 223 729
36 764 143 867
110 847 184 1018
172 943 247 1050
218 882 356 968
350 757 433 931
411 664 537 835
273 944 367 1042
366 931 453 959
453 925 614 1046
652 425 777 547
914 408 1004 521
962 755 1126 914
1470 630 1566 844
1623 571 1719 710
1122 943 1341 1052
845 4 1014 140
