33
276 37 357 123
245 116 353 204
170 158 268 231
174 216 239 287
238 248 302 311
159 302 247 370
114 306 197 380
140 375 239 436
188 412 277 497
87 468 194 547
95 533 158 655
82 614 193 702
324 255 405 344
398 225 481 316
318 91 414 175
434 119 545 220
501 55 585 156
626 62 765 146
652 152 754 366
895 26 1013 119
1215 47 1283 154
1197 367 1358 505
1437 229 1527 372
1633 571 1703 767
1204 510 1305 657
1071 523 1219 627
802 532 904 686
1027 703 1124 879
1478 907 1643 1037
452 659 606 832
265 607 347 755
312 693 401 821
248 911 372 1059
