31
268 0 376 53
284 55 414 149
297 106 351 186
251 129 331 225
210 183 316 251
127 209 220 296
124 295 190 434
95 364 165 457
156 309 249 418
175 398 313 500
249 324 318 424
302 280 388 375
328 210 478 324
327 148 427 229
465 303 568 420
571 254 684 406
82 501 171 633
40 614 114 789
74 673 187 766
449 766 577 896
747 479 896 661
925 713 1100 822
1047 787 1229 941
1190 741 1287 844
1111 925 1286 1048
1229 500 1408 632
1216 266 1350 417
1446 223 1542 359
1303 56 1408 138
1231 1 1385 78
1565 11 1735 104
