31
235 45 316 133
136 295 234 361
258 306 340 383
119 393 188 495
191 343 238 424
225 372 303 412
236 402 308 476
177 438 264 479
161 481 257 575
98 466 171 526
129 481 196 587
39 635 126 715
103 681 183 755
165 725 241 831
107 771 196 832
27 761 98 818
75 782 133 886
283 725 380 821
36 984 77 1059
40 943 158 1037
922 47 998 107
989 71 1101 158
1201 135 1312 266
1356 254 1433 335
1370 380 1482 466
1454 408 1592 565
1607 373 1684 495
1608 489 1720 597
1584 569 1726 691
1427 681 1520 854
1036 773 1273 931
