30
203 799 279 969
257 877 379 1001
501 761 604 925
760 579 927 704
1159 491 1233 658
1072 283 1142 428
1106 119 1248 219
1377 174 1457 295
1638 674 1768 899
1483 859 1608 988
1204 704 1399 827
1091 751 1209 888
1270 793 1393 981
1132 899 1283 1029
155 591 255 678
193 465 292 606
540 202 656 372
697 135 873 321
318 232 405 306
338 183 436 267
321 148 425 247
319 113 406 215
223 151 270 242
186 188 238 289
126 308 232 452
132 232 206 351
223 293 308 363
1026 4 1090 85
279 0 363 74
226 257 299 311
