33
254 52 404 101
357 77 436 161
164 151 241 244
223 123 306 215
113 357 200 454
170 321 292 446
186 428 289 514
257 437 359 594
318 359 420 465
454 274 579 335
521 303 627 420
68 505 154 590
68 556 132 652
143 498 267 619
136 568 267 675
52 641 130 770
111 657 268 750
31 755 140 891
104 838 207 1018
161 936 248 1050
196 872 382 954
254 939 404 1055
354 777 434 909
427 636 577 792
386 944 469 1043
443 928 597 1043
626 379 771 571
831 7 1026 106
914 379 1039 565
965 736 1264 876
1140 931 1331 1030
1457 611 1565 760
1652 553 1717 726
