30
219 101 297 229
196 181 283 250
161 197 232 271
142 234 218 303
107 286 229 350
124 329 191 425
164 340 216 430
203 327 261 431
226 321 290 415
267 303 328 405
297 260 427 324
292 222 347 274
279 107 341 216
308 151 452 199
322 181 466 244
209 417 274 508
68 454 161 577
107 555 196 699
267 454 417 530
279 832 492 998
591 680 774 809
1226 399 1318 523
1328 135 1411 239
1399 129 1497 231
1284 239 1446 338
1582 473 1662 629
1158 687 1289 809
1124 776 1258 912
1046 914 1261 1013
1358 734 1546 837
